7 7
1.96413e-05 0.00023928 0.00107238 0.00176805 0.00107238 0.00023928 1.96413e-05 
0.00023928 0.00291502 0.0130642 0.0215393 0.0130642 0.00291502 0.00023928 
0.00107238 0.0130642 0.0585498 0.0965324 0.0585498 0.0130642 0.00107238 
0.00176805 0.0215393 0.0965324 0.159155 0.0965324 0.0215393 0.00176805 
0.00107238 0.0130642 0.0585498 0.0965324 0.0585498 0.0130642 0.00107238 
0.00023928 0.00291502 0.0130642 0.0215393 0.0130642 0.00291502 0.00023928 
1.96413e-05 0.00023928 0.00107238 0.00176805 0.00107238 0.00023928 1.96413e-05 
