11 11
-0.00555006 -0.0137506 -0.0267454 -0.0416392 -0.0533145 -0.0576672 -0.0533145 -0.0416392 -0.0267454 -0.0137506 -0.00555006 
-0.0137506 -0.0320524 -0.0576672 -0.082085 -0.0970393 -0.101501 -0.0970393 -0.082085 -0.0576672 -0.0320524 -0.0137506 
-0.0267454 -0.0576672 -0.0922243 -0.110763 -0.107439 -0.101454 -0.107439 -0.110763 -0.0922243 -0.0576672 -0.0267454 
-0.0416392 -0.082085 -0.110763 -0.0919699 -0.0334538 0 -0.0334538 -0.0919699 -0.110763 -0.082085 -0.0416392 
-0.0533145 -0.0970393 -0.107439 -0.0334538 0.0973501 0.165468 0.0973501 -0.0334538 -0.107439 -0.0970393 -0.0533145 
-0.0576672 -0.101501 -0.101454 0 0.165468 0.25 0.165468 0 -0.101454 -0.101501 -0.0576672 
-0.0533145 -0.0970393 -0.107439 -0.0334538 0.0973501 0.165468 0.0973501 -0.0334538 -0.107439 -0.0970393 -0.0533145 
-0.0416392 -0.082085 -0.110763 -0.0919699 -0.0334538 0 -0.0334538 -0.0919699 -0.110763 -0.082085 -0.0416392 
-0.0267454 -0.0576672 -0.0922243 -0.110763 -0.107439 -0.101454 -0.107439 -0.110763 -0.0922243 -0.0576672 -0.0267454 
-0.0137506 -0.0320524 -0.0576672 -0.082085 -0.0970393 -0.101501 -0.0970393 -0.082085 -0.0576672 -0.0320524 -0.0137506 
-0.00555006 -0.0137506 -0.0267454 -0.0416392 -0.0533145 -0.0576672 -0.0533145 -0.0416392 -0.0267454 -0.0137506 -0.00555006 
